1 1 0
1 2 3
1 3 2
2 1 3
2 2 0
2 5 5
2 8 5
2 9 3
3 1 2
3 3 0
3 4 1
3 5 4
3 6 5
4 3 1
4 4 0
4 7 2
5 2 5
5 3 4
5 5 0
5 9 4
5 14 7
6 3 5
6 6 0
6 7 2
6 14 6
7 4 2
7 6 2
7 7 0
7 15 5
8 2 5
8 8 0
8 9 7
8 10 1
9 2 3
9 5 4
9 8 7
9 9 0
9 11 2
9 13 6
10 8 1
10 10 0
10 11 9
10 12 3
11 9 2
11 10 9
11 11 0
11 19 6
11 20 4
12 10 3
12 12 0
12 20 5
13 9 6
13 13 0
13 14 4
13 17 3
13 19 5
14 5 7
14 6 6
14 13 4
14 14 0
14 15 8
14 17 7
15 7 5
15 14 8
15 15 0
15 16 2
15 18 6
16 15 2
16 16 0
16 18 3
17 13 3
17 14 7
17 17 0
17 18 8
18 15 6
18 16 3
18 17 8
18 18 0
18 23 5
18 26 3
19 11 6
19 13 5
19 19 0
19 22 8
19 23 2
20 11 4
20 12 5
20 20 0
20 21 4
20 22 7
21 20 4
21 21 0
21 24 9
22 19 8
22 20 7
22 22 0
22 24 9
23 18 5
23 19 2
23 23 0
23 24 4
23 25 5
24 21 9
24 22 9
24 23 4
24 24 0
24 25 2
25 23 5
25 24 2
25 25 0
25 26 9
26 18 3
26 25 9
26 26 0